0.86498912470604
0.85326622055587
0.83016466540667
0.79203902856395
0.73409176134963
0.65324081807931
0.55382570580350
0.45125611306023
0.36528266401673
0.30679434444607
0.27360412327821
0.25714530067490
0.24951555233487
0.24588923421067
0.24400008302639
0.24304385270978
0.24259987015742
0.24164493158261
0.23976350215067
0.23617113104571
0.22869404876592
0.21293290241641
0.18265148392865
0.13427547208058
0.07662073784750
0.03801920913211
0.05471998104778
0.14186114674433
0.27979625531072
0.42973036054169
0.55497270308525
0.63124202234293
0.66831424222323
0.74825566658629
0.89111910404581
1.08130581115231
1.25866544477142
1.27829799324773
0.95882878457456
0.33984509267828
-0.26901140151496
-0.67141885992491
-0.88456115499263
-0.98498648007798
-1.03025469493747
-1.05147594894796
-1.06245527601610
-1.06799271444952
-1.07055920199202
-1.07606947841504
-1.08688644411427
-1.10739414725688
-1.14945798757913
-1.23533442269952
-1.38945838494069
-1.60561992615394
-1.81654288599133
-1.93887832771214
-1.95446805776994
-1.90479900974638
-1.83573065908171
-1.77357504727857
-1.72869906181773
-1.70371077249801
-1.69209187604110
-1.66803531496580
-1.62767800582917
-1.57635928556848
-1.52137790892460
-1.47019568626490
-1.42834813019571
-1.39818068242322
-1.37894651525538
-1.36803089405849
-1.36245410068761
-1.35983413675621
-1.35865027229171
-1.35809420166409
-1.35780617547385
-1.35766081624275
-1.35759342334771
-1.35744868186670
-1.35716434758319
-1.35662450796338
-1.35551361605426
-1.35322665191012
-1.34902998026009
-1.34281610581030
-1.33609799670385
-1.33186128408486
-1.33273530477827
-1.33896747132566
-1.34799223131355
-1.35606518790569
-1.36081462494358
-1.36250287137264
-1.36291809843681
-1.36273411942428
-1.35760542658595
-1.33466786048595
-1.26439002620075
-1.09390943068021
-0.76905405969942
-0.31119985148966
0.14676709851374
0.48093686701736
0.67343631527376
0.76872238726139
0.81273950701508
0.83361355857754
0.84447458751371
0.84996840661038
0.85251834665868
0.85800097834985
0.86879513310304
0.88937526380254
0.93207204594878
1.02135473801706
1.18934990712664
1.44434798674512
1.71938715825810
1.89131966187436
1.90664121532837
1.82090347409608
1.70946288026186
1.61375627285060
1.54707874709803
1.51079113923550
1.49411770582622
1.45998959349746
1.40389226040912
1.33452380805428
1.26234358386882
1.19657747712837
1.14298841513691
1.10348499392079
1.07709447429932
1.06123126477331
1.05271015089338
1.04857202672486
1.04666823721512
1.04576602894158
1.04529661860889
1.04505916454215
1.04494894593154
1.04471195067420
1.04424528233735
1.04335512899118
1.04150553764318
1.03761475248426
1.03011897576840
1.01775174529949
1.00068997981725
0.98062458897395
0.95942865195718
0.93807752726207
0.91698653484617
0.89712902299408
0.88062819941118
0.87021167524044